axisAlignment = -0.788011 0.615661 0.000000 0.414391 -0.615661 -0.788011 0.000000 5.396690 0.000000 0.000000 1.000000 -0.069013 0.000000 0.000000 0.000000 1.000000 
colorHeight = 968
colorWidth = 1296
depthHeight = 480
depthWidth = 640
fx_color = 1170.187988
fx_depth = 577.870605
fy_color = 1170.187988
fy_depth = 577.870605
mx_color = 647.750000
mx_depth = 319.500000
my_color = 483.750000
my_depth = 239.500000
numColorFrames = 939
numDepthFrames = 939
numIMUmeasurements = 1976
sceneType = Gym
