axisAlignment = 0.913545 0.406737 0.000000 -5.019590 -0.406737 0.913545 0.000000 -0.816950 0.000000 0.000000 1.000000 -0.414641 0.000000 0.000000 0.000000 1.000000 
colorHeight = 480
colorWidth = 640
depthHeight = 480
depthWidth = 640
fx_color = 577.870605
fx_depth = 577.870605
fy_color = 577.870605
fy_depth = 577.870605
mx_color = 319.500000
mx_depth = 319.500000
my_color = 239.500000
my_depth = 239.500000
numColorFrames = 1379
numDepthFrames = 1379
numIMUmeasurements = 2889
sceneType = Lobby
