appVersionId = Scanner.v1.20161011132740
axisAlignment = 0.147809 0.989016 0.000000 -2.673790 -0.989016 0.147809 0.000000 2.647660 0.000000 0.000000 1.000000 -0.029502 0.000000 0.000000 0.000000 1.000000 
colorHeight = 968
colorToDepthExtrinsics = 1.000000 -0.000000 0.000000 -0.037800 -0.000000 1.000000 -0.000000 -0.003850 0.000000 -0.000000 1.000000 -0.022000 -0.000000 0.000000 -0.000000 1.000000
colorWidth = 1296
depthHeight = 480
depthWidth = 640
fx_color = 1170.187988
fx_depth = 569.896851
fy_color = 1170.187988
fy_depth = 569.896851
mx_color = 647.750000
mx_depth = 319.500000
my_color = 483.750000
my_depth = 239.500000
numColorFrames = 2241
numDepthFrames = 2241
numIMUmeasurements = 4861
scanSavedAt = 20161012T014646-0400
sceneType = Office
