axisAlignment = -0.642788 0.766044 0.000000 -1.887250 -0.766044 -0.642788 0.000000 6.274930 0.000000 0.000000 1.000000 -0.068598 0.000000 0.000000 0.000000 1.000000 
colorHeight = 968
colorToDepthExtrinsics = 0.999977 0.004401 0.005230 -0.037931 -0.004314 0.999852 -0.016630 -0.003321 -0.005303 0.016607 0.999848 -0.021860 -0.000000 0.000000 -0.000000 1.000000
colorWidth = 1296
depthHeight = 480
depthWidth = 640
fx_color = 1170.187988
fx_depth = 571.623718
fy_color = 1170.187988
fy_depth = 571.623718
mx_color = 647.750000
mx_depth = 319.500000
my_color = 483.750000
my_depth = 239.500000
numColorFrames = 930
numDepthFrames = 930
numIMUmeasurements = 2026
sceneType = Lobby
