axisAlignment = -0.996917 0.078459 0.000000 2.324070 -0.078459 -0.996917 0.000000 3.216800 0.000000 0.000000 1.000000 -0.053284 0.000000 0.000000 0.000000 1.000000 
colorHeight = 968
colorToDepthExtrinsics = 0.999967 0.005619 -0.005838 -0.037692 -0.005643 0.999975 -0.004188 -0.003544 0.005814 0.004221 0.999974 -0.022235 -0.000000 -0.000000 -0.000000 1.000000
colorWidth = 1296
depthHeight = 480
depthWidth = 640
fx_color = 1170.187988
fx_depth = 570.707642
fy_color = 1170.187988
fy_depth = 570.707642
mx_color = 647.750000
mx_depth = 319.500000
my_color = 483.750000
my_depth = 239.500000
numColorFrames = 1261
numDepthFrames = 1261
numIMUmeasurements = 2519
sceneType = Living room / Lounge
