appVersionId = Scanner.v1.20161011132740
axisAlignment = -0.052336 0.998630 0.000000 -2.538160 -0.998630 -0.052336 0.000000 4.580450 0.000000 0.000000 1.000000 -1.124280 0.000000 0.000000 0.000000 1.000000 
colorHeight = 968
colorToDepthExtrinsics = 1.000000 -0.000000 0.000000 -0.037800 -0.000000 1.000000 -0.000000 -0.003850 0.000000 -0.000000 1.000000 -0.022000 -0.000000 0.000000 -0.000000 1.000000
colorWidth = 1296
depthHeight = 480
depthWidth = 640
fx_color = 1170.187988
fx_depth = 569.896851
fy_color = 1170.187988
fy_depth = 569.896851
mx_color = 647.750000
mx_depth = 319.500000
my_color = 483.750000
my_depth = 239.500000
numColorFrames = 2658
numDepthFrames = 2658
numIMUmeasurements = 5772
scanSavedAt = 20161012T034600-0400
sceneType = Stairs
