axisAlignment = -0.961262 0.275637 0.000000 2.548810 -0.275637 -0.961262 0.000000 4.232020 0.000000 0.000000 1.000000 -0.192154 0.000000 0.000000 0.000000 1.000000 
colorHeight = 968
colorWidth = 1296
depthHeight = 480
depthWidth = 640
fx_color = 1170.187988
fx_depth = 577.870605
fy_color = 1170.187988
fy_depth = 577.870605
mx_color = 647.750000
mx_depth = 319.500000
my_color = 483.750000
my_depth = 239.500000
numColorFrames = 767
numDepthFrames = 767
numIMUmeasurements = 1530
sceneType = Gym
