axisAlignment = -0.309017 0.951056 0.000000 -1.860280 -0.951056 -0.309017 0.000000 3.840250 0.000000 0.000000 1.000000 -0.169999 0.000000 0.000000 0.000000 1.000000 
colorHeight = 968
colorToDepthExtrinsics = 0.999933 0.011114 -0.003244 -0.037769 -0.011128 0.999928 -0.004527 -0.003329 0.003193 0.004562 0.999985 -0.022138 -0.000000 -0.000000 -0.000000 1.000000
colorWidth = 1296
depthHeight = 480
depthWidth = 640
fx_color = 1180.313110
fx_depth = 570.021362
fy_color = 1180.313110
fy_depth = 570.021362
mx_color = 647.750000
mx_depth = 319.500000
my_color = 483.750000
my_depth = 239.500000
numColorFrames = 2369
numDepthFrames = 2369
numIMUmeasurements = 5043
sceneType = Living room / Lounge
