axisAlignment = 0.034899 0.999391 0.000000 -2.532190 -0.999391 0.034899 0.000000 3.796580 0.000000 0.000000 1.000000 -0.075175 0.000000 0.000000 0.000000 1.000000 
colorHeight = 968
colorToDepthExtrinsics = 0.999999 0.001589 -0.000662 -0.037792 -0.001590 0.999999 -0.000655 -0.003775 0.000661 0.000656 1.000000 -0.022027 -0.000000 -0.000000 -0.000000 1.000000
colorWidth = 1296
depthHeight = 480
depthWidth = 640
fx_color = 1170.187988
fx_depth = 577.870605
fy_color = 1170.187988
fy_depth = 577.870605
mx_color = 647.750000
mx_depth = 319.500000
my_color = 483.750000
my_depth = 239.500000
numColorFrames = 670
numDepthFrames = 670
numIMUmeasurements = 1376
sceneType = Hallway
