axisAlignment = -0.358368 0.933580 0.000000 -1.265510 -0.933580 -0.358368 0.000000 2.502670 0.000000 0.000000 1.000000 -0.024092 0.000000 0.000000 0.000000 1.000000 
colorHeight = 480
colorWidth = 640
depthHeight = 480
depthWidth = 640
fx_color = 577.870605
fx_depth = 577.870605
fy_color = 577.870605
fy_depth = 577.870605
mx_color = 319.500000
mx_depth = 319.500000
my_color = 239.500000
my_depth = 239.500000
numColorFrames = 877
numDepthFrames = 877
numIMUmeasurements = 1830
sceneType = Lobby
