axisAlignment = 0.258819 0.965926 0.000000 -3.495210 -0.965926 0.258819 0.000000 2.258000 0.000000 0.000000 1.000000 -0.065463 0.000000 0.000000 0.000000 1.000000 
colorHeight = 968
colorToDepthExtrinsics = 0.999967 0.005619 -0.005838 -0.037692 -0.005643 0.999975 -0.004188 -0.003544 0.005814 0.004221 0.999974 -0.022235 -0.000000 -0.000000 -0.000000 1.000000
colorWidth = 1296
depthHeight = 480
depthWidth = 640
fx_color = 1170.187988
fx_depth = 570.707642
fy_color = 1170.187988
fy_depth = 570.707642
mx_color = 647.750000
mx_depth = 319.500000
my_color = 483.750000
my_depth = 239.500000
numColorFrames = 2197
numDepthFrames = 2197
numIMUmeasurements = 4372
sceneType = Bedroom / Hotel
