axisAlignment = -0.992546 0.121869 0.000000 1.330000 -0.121869 -0.992546 0.000000 4.709690 0.000000 0.000000 1.000000 -0.049539 0.000000 0.000000 0.000000 1.000000 
colorHeight = 968
colorToDepthExtrinsics = 0.999263 -0.010031 0.037048 -0.038549 0.009933 0.999947 0.002817 -0.004287 -0.037074 -0.002447 0.999310 -0.020574 -0.000000 0.000000 -0.000000 1.000000
colorWidth = 1296
depthHeight = 480
depthWidth = 640
fx_color = 1170.187988
fx_depth = 577.870605
fy_color = 1170.187988
fy_depth = 577.870605
mx_color = 647.750000
mx_depth = 319.500000
my_color = 483.750000
my_depth = 239.500000
numColorFrames = 1420
numDepthFrames = 1420
numIMUmeasurements = 2957
sceneType = Living room / Lounge
