axisAlignment = -0.793353 0.608761 0.000000 0.707891 -0.608761 -0.793353 0.000000 5.891180 0.000000 0.000000 1.000000 -0.054273 0.000000 0.000000 0.000000 1.000000 
colorHeight = 968
colorToDepthExtrinsics = 0.999263 -0.010031 0.037048 -0.038549 0.009933 0.999947 0.002817 -0.004287 -0.037074 -0.002447 0.999310 -0.020574 -0.000000 0.000000 -0.000000 1.000000
colorWidth = 1296
depthHeight = 480
depthWidth = 640
fx_color = 1170.187988
fx_depth = 570.924255
fy_color = 1170.187988
fy_depth = 570.924316
mx_color = 647.750000
mx_depth = 319.500000
my_color = 483.750000
my_depth = 239.500000
numColorFrames = 892
numDepthFrames = 892
numIMUmeasurements = 1854
sceneType = Game room
