axisAlignment = 0.587785 0.809017 0.000000 -4.090980 -0.809017 0.587785 0.000000 1.581500 0.000000 0.000000 1.000000 -0.038086 0.000000 0.000000 0.000000 1.000000 
colorHeight = 480
colorWidth = 640
depthHeight = 480
depthWidth = 640
fx_color = 577.870605
fx_depth = 577.870605
fy_color = 577.870605
fy_depth = 577.870605
mx_color = 319.500000
mx_depth = 319.500000
my_color = 239.500000
my_depth = 239.500000
numColorFrames = 667
numDepthFrames = 667
numIMUmeasurements = 1388
sceneType = Lobby
