axisAlignment = 0.422618 0.906308 0.000000 -3.695740 -0.906308 0.422618 0.000000 2.229390 0.000000 0.000000 1.000000 -0.070884 0.000000 0.000000 0.000000 1.000000 
colorHeight = 480
colorWidth = 640
depthHeight = 480
depthWidth = 640
fx_color = 577.870605
fx_depth = 577.870605
fy_color = 577.870605
fy_depth = 577.870605
mx_color = 319.500000
mx_depth = 319.500000
my_color = 239.500000
my_depth = 239.500000
numColorFrames = 739
numDepthFrames = 739
numIMUmeasurements = 1452
sceneType = Office
